0
4360, 0
4370, 5660, 0
-1, -1, 6480, 0
-1, -1, 6310, 3060, 0
-1, 5790, 10390, -1, 9520, 0
-1, -1, -1, -1, -1, 7020, 0
-1, -1, -1, -1, -1, 3570, 4680, 0
-1, -1, -1, -1, 6500, -1, 5870, 6160, 0
-1, -1, -1, -1, -1, -1, -1, -1, 6950, 0
-1, -1, -1, -1, -1, -1, -1, -1, -1, 5280, 0
-1, -1, -1, -1, -1, -1, -1, -1, -1, -1, 9040, 0
-1, -1, -1, -1, -1, -1, -1, -1, -1, 1780, 4710, 0
-1, -1, -1, -1, -1, -1, -1, -1, -1, -1, -1, 8830, 0
-1, -1, -1, -1, -1, -1, -1, -1, 4650, -1, -1, -1, 5160, 0
-1, -1, -1, -1, -1, -1, 11070, -1, -1, -1, -1, -1, -1, 6910, 11850, 0
-1, -1, -1, -1, -1, -1, -1, -1, -1, -1, -1, -1, -1, 4150, -1, 5470, 0
-1, -1, -1, -1, -1, -1, -1, -1, -1, -1, -1, -1, 9460, 6570, -1, -1, 4270, 0
